world: 37f9ddaa-4999-4b4e-bd21-d72a015ea532
world-name: boatworld
x: -7.5240830611342
y: 146.0
z: 362.6539220818801
yaw: -88.98806762695312
pitch: 13.819512367248535
name: boat
lastowner: 1ef9db48-ec66-358b-8a8f-ce7bd9fb0cd7
