world: f33c968f-63b8-40eb-af74-9f440aa6298c
world-name: vcworld3
x: 395.1076403839766
y: 46.0
z: 68.40488160208497
yaw: 24.710145950317383
pitch: 15.49105453491211
name: pve
lastowner: 1ef9db48-ec66-358b-8a8f-ce7bd9fb0cd7
