world: 349629b8-df11-4d13-8382-9c2098fe14c0
world-name: world
x: 297.45089606872693
y: 65.0
z: 11.684344699577187
yaw: -35.885650634765625
pitch: 9.87646198272705
name: spawn
lastowner: 1ef9db48-ec66-358b-8a8f-ce7bd9fb0cd7
