world: 349629b8-df11-4d13-8382-9c2098fe14c0
world-name: world
x: 1174.49
y: 65.9375
z: -2275.07
yaw: -103.61000061035156
pitch: 3.140000104904175
name: sub
lastowner: 1ef9db48-ec66-358b-8a8f-ce7bd9fb0cd7
