world: 312b8e7e-75a1-4226-8d0e-d1b98c71f06e
world-name: world_the_end
x: 11.470241910707562
y: 65.0
z: -0.7187545133859291
yaw: 91.12109375
pitch: 3.1149041652679443
name: w_end
lastowner: 1ef9db48-ec66-358b-8a8f-ce7bd9fb0cd7
