world: 90f4e52e-a0c6-4ce9-bd8d-9b54198a5ba6
world-name: world_nether
x: 0.2505174814916995
y: 32.0
z: 0.35463571653890075
yaw: -174.17254638671875
pitch: 5.196108818054199
name: w_nether
lastowner: 1ef9db48-ec66-358b-8a8f-ce7bd9fb0cd7
